HDF5 "dagmc.h5m" {
GROUP "/" {
   DATASET "materials" {
      DATATYPE  H5T_COMPOUND {
         H5T_IEEE_F64LE "mass";
         H5T_IEEE_F64LE "density";
         H5T_IEEE_F64LE "atoms_per_molecule";
         H5T_ARRAY { [54] H5T_IEEE_F64LE } "comp";
      }
      DATASPACE  SIMPLE { ( 7 ) / ( H5S_UNLIMITED ) }
      DATA {
      (0): {
            1,
            7.954,
            -1,
            [ 0, 2.1034e-06, 8.51991e-06, 0.0120003, 0.000140645, 0, 0, 0.00142656, 0, 0, 0, 0, 0, 0.000119041, 0.0484454, 0.0022157, 0.042707, 0.00485645, 0.0012141, 0.00346024, 0.0119892, 0.189733, 0.00443153, 0.000607033, 0.00042492, 0.0221876, 0.00846842, 0.000364226, 0.00115337, 0.000303532, 0.000182113, 9.10565e-05, 0, 0.089547, 0.0576166, 0.100806, 0.107204, 0.062382, 0.160124, 0.065788, 0, 0, 0, 0, 0, 0, 0, 0, 0, 0, 0, 0, 0, 0 ]
         },
      (1): {
            1,
            7.954,
            -1,
            [ 0, 3.14413e-06, 1.27353e-05, 0.00941738, 0.000110372, 0, 0, 0.00219136, 6.66937e-05, 0.00180482, 1.46955e-05, 8.57911e-05, 2.13742e-07, 3.1139e-05, 0.0126724, 0.00241368, 0.0474166, 0.0053673, 0.00136562, 0.00520859, 0.0121319, 0.193063, 0.00450962, 0.000635163, 0.00022231, 0.0244542, 0.00936873, 0.000381098, 0.0013021, 0.000381098, 0.0195734, 0.00900958, 3.49355e-05, 0.0883912, 0.056873, 0.0995047, 0.105821, 0.0615769, 0.158057, 0.0649389, 1.16161e-05, 8.04482e-06, 4.18071e-06, 0.00018034, 9.60782e-05, 0.000305585, 0.000109301, 0.000418039, 6.03997e-05, 7.67726e-05, 4.37654e-06, 7.60782e-05, 7.01038e-05, 0.000167023 ]
         },
      (2): {
            1,
            1,
            -1,
            [ 0.11162, 0, 0, 0, 0, 0, 0.88838, 0, 0, 0, 0, 0, 0, 0, 0, 0, 0, 0, 0, 0, 0, 0, 0, 0, 0, 0, 0, 0, 0, 0, 0, 0, 0, 0, 0, 0, 0, 0, 0, 0, 0, 0, 0, 0, 0, 0, 0, 0, 0, 0, 0, 0, 0, 0 ]
         },
      (3): {
            1,
            8.94,
            -1,
            [ 0, 0, 0, 0, 0, 0, 0, 0, 0, 0, 0, 0, 0, 0, 0, 0, 0, 0, 0, 0, 0, 0, 0, 0, 0, 0, 0, 0, 0, 0, 0.68327, 0.31673, 0, 0, 0, 0, 0, 0, 0, 0, 0, 0, 0, 0, 0, 0, 0, 0, 0, 0, 0, 0, 0, 0 ]
         },
      (4): {
            1,
            4.614e-05,
            -1,
            [ 0, 0, 0, 0, 0, 0.76591, 0.23409, 0, 0, 0, 0, 0, 0, 0, 0, 0, 0, 0, 0, 0, 0, 0, 0, 0, 0, 0, 0, 0, 0, 0, 0, 0, 0, 0, 0, 0, 0, 0, 0, 0, 0, 0, 0, 0, 0, 0, 0, 0, 0, 0, 0, 0, 0, 0 ]
         },
      (5): {
            1,
            1.182,
            -1,
            [ 0.00133373, 0, 0, 0.981864, 0.0115075, 0, 0.00529479, 0, 0, 0, 0, 0, 0, 0, 0, 0, 0, 0, 0, 0, 0, 0, 0, 0, 0, 0, 0, 0, 0, 0, 0, 0, 0, 0, 0, 0, 0, 0, 0, 0, 0, 0, 0, 0, 0, 0, 0, 0, 0, 0, 0, 0, 0, 0 ]
         },
      (6): {
            1,
            7.954,
            -1,
            [ 0, 1.13956e-06, 4.55811e-06, 0.00647652, 7.59052e-05, 0, 0, 0.00139596, 0.000111108, 0.00161901, 1.31826e-05, 7.6959e-05, 1.91738e-07, 6.98303e-09, 2.84183e-06, 0.00213668, 0.0410537, 0.00464381, 0.00116806, 0.00450116, 0.0112247, 0.178113, 0.004131, 0.00054129, 0.000284882, 0.0192302, 0.00735026, 0.000341858, 0.0010256, 0.000256402, 0.0819375, 0.0377156, 0, 0.0820678, 0.0528043, 0.0923863, 0.0982505, 0.0571717, 0.14675, 0.0602933, 4.1679e-05, 2.88652e-05, 1.50006e-05, 0.00064707, 0.000344734, 0.00109645, 0.000392179, 0.00149994, 0.000216717, 0.000275464, 3.92591e-06, 6.82449e-05, 6.28856e-05, 0.000149825 ]
         }
      }
      ATTRIBUTE "nucpath" {
         DATATYPE  H5T_STRING {
            STRSIZE 6;
            STRPAD H5T_STR_NULLTERM;
            CSET H5T_CSET_ASCII;
            CTYPE H5T_C_S1;
         }
         DATASPACE  SCALAR
         DATA {
         (0): "/nucid"
         }
      }
   }
   DATASET "materials_metadata" {
      DATATYPE  H5T_VLEN { H5T_STD_I8LE}
      DATASPACE  SIMPLE { ( 7 ) / ( H5S_UNLIMITED ) }
      DATA {
      (0): (123, 34, 102, 108, 117, 107, 97, 95, 110, 97, 109, 101, 34, 58, 34, 32, 32, 32, 32, 32, 32, 32, 49, 34, 44, 34, 109, 97, 116, 95, 110, 117, 109, 98, 101, 114, 34, 58, 49, 44, 34, 110, 97, 109, 101, 34, 58, 34, 109, 97, 116, 58, 49, 47, 114, 104, 111, 58, 55, 46, 57, 53, 52, 34, 125, 10),
      (1): (123, 34, 102, 108, 117, 107, 97, 95, 110, 97, 109, 101, 34, 58, 34, 32, 32, 32, 32, 32, 32, 49, 48, 34, 44, 34, 109, 97, 116, 95, 110, 117, 109, 98, 101, 114, 34, 58, 55, 44, 34, 110, 97, 109, 101, 34, 58, 34, 109, 97, 116, 58, 49, 48, 47, 114, 104, 111, 58, 55, 46, 57, 53, 52, 34, 125, 10),
      (2): (123, 34, 102, 108, 117, 107, 97, 95, 110, 97, 109, 101, 34, 58, 34, 32, 32, 32, 32, 32, 32, 32, 50, 34, 44, 34, 109, 97, 116, 95, 110, 117, 109, 98, 101, 114, 34, 58, 50, 44, 34, 110, 97, 109, 101, 34, 58, 34, 109, 97, 116, 58, 50, 47, 114, 104, 111, 58, 49, 34, 125, 10),
      (3): (123, 34, 102, 108, 117, 107, 97, 95, 110, 97, 109, 101, 34, 58, 34, 32, 32, 32, 32, 32, 32, 32, 51, 34, 44, 34, 109, 97, 116, 95, 110, 117, 109, 98, 101, 114, 34, 58, 51, 44, 34, 110, 97, 109, 101, 34, 58, 34, 109, 97, 116, 58, 51, 47, 114, 104, 111, 58, 56, 46, 57, 52, 34, 125, 10),
      (4): (123, 34, 102, 108, 117, 107, 97, 95, 110, 97, 109, 101, 34, 58, 34, 32, 32, 32, 32, 32, 32, 32, 52, 34, 44, 34, 109, 97, 116, 95, 110, 117, 109, 98, 101, 114, 34, 58, 52, 44, 34, 110, 97, 109, 101, 34, 58, 34, 109, 97, 116, 58, 52, 47, 114, 104, 111, 58, 52, 46, 54, 49, 52, 101, 45, 48, 53, 34, 125, 10),
      (5): (123, 34, 102, 108, 117, 107, 97, 95, 110, 97, 109, 101, 34, 58, 34, 32, 32, 32, 32, 32, 32, 32, 53, 34, 44, 34, 109, 97, 116, 95, 110, 117, 109, 98, 101, 114, 34, 58, 53, 44, 34, 110, 97, 109, 101, 34, 58, 34, 109, 97, 116, 58, 53, 47, 114, 104, 111, 58, 49, 46, 49, 56, 50, 34, 125, 10),
      (6): (123, 34, 102, 108, 117, 107, 97, 95, 110, 97, 109, 101, 34, 58, 34, 32, 32, 32, 32, 32, 32, 32, 57, 34, 44, 34, 109, 97, 116, 95, 110, 117, 109, 98, 101, 114, 34, 58, 54, 44, 34, 110, 97, 109, 101, 34, 58, 34, 109, 97, 116, 58, 57, 47, 114, 104, 111, 58, 55, 46, 57, 53, 52, 34, 125, 10)
      }
   }
   DATASET "nucid" {
      DATATYPE  H5T_STD_I32LE
      DATASPACE  SIMPLE { ( 54 ) / ( 54 ) }
      DATA {
      (0): 10010000, 50100000, 50110000, 60120000, 60130000, 70140000,
      (6): 80160000, 140280000, 150310000, 160320000, 160330000, 160340000,
      (12): 160360000, 230500000, 230510000, 240500000, 240520000, 240530000,
      (18): 240540000, 250550000, 260540000, 260560000, 260570000, 260580000,
      (24): 270590000, 280580000, 280600000, 280610000, 280620000, 280640000,
      (30): 290630000, 290650000, 410930000, 420920000, 420940000, 420950000,
      (36): 420960000, 420970000, 420980000, 421000000, 501120000, 501140000,
      (42): 501150000, 501160000, 501170000, 501180000, 501190000, 501200000,
      (48): 501220000, 501240000, 822040000, 822060000, 822070000, 822080000
      }
   }

